111111111100011111111111111111111110
111111110100011111111100000000001110
111111101100011111111000000000111110
111111100100011111110100000010001110
111111011100011111110000000011111101
111111010100011111101100000110001100
111111001100011111101000001000111011
111111000100111111100100001100001001
111110111100111111100000001111110110
111110110101011111011100010100000011
111110101101011111011000011000101111
111110100101111111010100011101111001
111110011101111111010000100011100011
111110010110011111001100101001101100
111110001110011111001000110000010100
111110000110111111000100110111011010
111101111111011111000000111110111111
111101110111111110111101000111000011
111101101111111110111001001111100101
111101101000011110110101011000100101
111101100000111110110001100010000100
111101011001011110101101101100000000
111101010001111110101001110110011011
111101001010011110100110000001010100
111101000010111110100010001100101011
111100111011011110011110011000100000
111100110011111110011010100100110010
111100101100111110010110110001100011
111100100101011110010010111110110000
111100011101111110001111001100011100
111100010110011110001011011010100100
111100001111011110000111101001001010
111100000111111110000011111000001110
111100000000111110000000000111101110
111011111001011101111100010111101100
111011110010011101111000101000000110
111011101010111101110100111000111110
111011100011111101110001001010010010
111011011100111101101101011100000100
111011010101011101101001101110010001
111011001110011101100110000000111100
111011000111011101100010010100000011
111011000000011101011110100111100110
111010111000111101011010111011100110
111010110001111101010111010000000010
111010101010111101010011100100111010
111010100011111101001111111010001111
111010011100111101001100001111111111
111010010101111101001000100110001100
111010001110111101000100111100110100
111010001000011101000001010011111000
111010000001011100111101101011011000
111001111010011100111010000011010011
111001110011011100110110011011101011
111001101100011100110010110100011101
111001100101111100101111001101101011
111001011110111100101011100111010101
111001011000011100101000000001011001
111001010001011100100100011011111001
111001001010011100100000110110110100
111001000011111100011101010010001010
111000111101011100011001101101111011
111000110110011100010110001010000111
111000101111111100010010100110101110
111000101000111100001111000011101111
111000100010011100001011100001001011
111000011011111100000111111111000010
111000010101011100000100011101010100
111000001110011100000000111011111111
111000000111111011111101011011000101
111000000001011011111001111010100110
110111111010111011110110011010100001
110111110100011011110010111010110101
110111101101111011101111011011100100
110111100111011011101011111100101101
110111100000111011101000011110010000
110111011010011011100101000000001101
110111010011111011100001100010100100
110111001101011011011110000101010100
110111000111011011011010101000011110
110111000000111011010111001100000010
110110111010011011010011101111111111
110110110011111011010000010100010110
110110101101111011001100111001000110
110110100111011011001001011110010000
110110100001011011000110000011110010
110110011010111011000010101001101110
110110010100011010111111010000000011
110110001110011010111011110110110001
110110001000011010111000011101111000
110110000001111010110101000101011000
110101111011111010110001101101010001
110101110101011010101110010101100010
110101101111011010101010111110001101
110101101001011010100111100111010000
110101100010111010100100010000101011
110101011100111010100000111010011111
110101010110111010011101100100101100
110101010000111010011010001111010001
110101001010111010010110111010001110
110101000100111010010011100101100100
110100111110111010010000010001010001
110100111000111010001100111101010111
110100110010111010001001101001110101
110100101100111010000110010110101011
110100100110111010000011000011111001
110100100000111001111111110001011111
110100011010111001111100011111011100
110100010100111001111001001101110001
110100001110111001110101111100011110
110100001000111001110010101011100011
110100000011011001101111011010111111
110011111101011001101100001010110011
110011110111011001101000111010111110
110011110001111001100101101011100000
110011101011111001100010011100011010
110011100101111001011111001101101011
110011100000011001011011111111010011
110011011010011001011000110001010011
110011010100111001010101100011101001
110011001110111001010010010110010111
110011001001011001001111001001011011
110011000011011001001011111100110110
110010111101111001001000110000101001
110010111000011001000101100100110001
110010110010011001000010011001010001
110010101100111000111111001110000111
110010100111011000111100000011010100
110010100001111000111000111000110111
110010011011111000110101101110110001
110010010110011000110010100101000010
110010010000111000101111011011101000
110010001011011000101100010010100101
110010000101111000101001001001111000
110010000000011000100110000001100010
110001111010111000100010111001100001
110001110101011000011111110001110111
110001101111111000011100101010100010
110001101010011000011001100011100100
110001100100111000010110011100111011
110001011111011000010011010110101000
110001011001111000010000010000101011
110001010100011000001101001011000100
110001001110111000001010000101110011
110001001001111000000111000000110111
110001000100011000000011111100010000
110000111110111000000000111000000000
110000111001110111111101110100000100
110000110100010111111010110000011110
110000101110110111110111101101001101
110000101001110111110100101010010010
110000100100010111110001100111101100
110000011110110111101110100101011011
110000011001110111101011100011011111
110000010100010111101000100001111000
110000001111010111100101100000100111
110000001001110111100010011111101010
110000000100110111011111011111000010
101111111111110111011100011110101111
101111111010010111011001011110110001
101111110101010111010110011111000111
101111110000010111010011011111110011
101111101010110111010000100000110011
101111100101110111001101100010000111
101111100000110111001010100011110000
101111011011110111000111100101101110
101111010110010111000100101000000000
101111010001010111000001101010100110
101111001100010110111110101101100001
101111000111010110111011110000110000
101111000010010110111000110100010011
101110111101010110110101111000001010
101110111000010110110010111100010110
101110110011010110110000000000110101
101110101110010110101101000101101001
101110101001010110101010001010110001
101110100100010110100111010000001100
101110011111010110100100010101111100
101110011010010110100001011011111111
101110010101010110011110100010010110
101110010000010110011011101001000001
101110001011010110011000110000000000
101110000110110110010101110111010010
101110000001110110010010111110111000
101101111100110110010000000110110001
101101110111110110001101001110111110
101101110011010110001010010111011110
101101101110010110000111100000010001
101101101001010110000100101001011000
101101100100110110000001110010110011
101101011111110101111110111100100000
101101011011010101111100000110100001
101101010110010101111001010000110101
101101010001010101110110011011011100
101101001100110101110011100110010110
101101000111110101110000110001100011
101101000011010101101101111101000011
101100111110110101101011001000110110
101100111001110101101000010100111100
101100110101010101100101100001010100
101100110000010101100010101110000000
101100101011110101011111111010111110
101100100111010101011101001000001111
101100100010010101011010010101110010
101100011101110101010111100011101000
101100011001010101010100110001110001
101100010100110101010010000000001100
101100001111110101001111001110111010
101100001011010101001100011101111010
101100000110110101001001101101001100
101100000010010101000110111100110001
101011111101110101000100001100101000
101011111001010101000001011100110001
101011110100110100111110101101001101
101011110000010100111011111101111011
101011101011110100111001001110111010
101011100111010100110110100000001100
101011100010110100110011110001110000
101011011110010100110001000011100110
101011011001110100101110010101101101
101011010101010100101011101000000111
101011010000110100101000111010110011
101011001100010100100110001101110000
101011000111110100100011100000111111
101011000011010100100000110100100000
101010111110110100011110001000010010
101010111010110100011011011100010110
101010110110010100011000110000101100
101010110001110100010110000101010011
101010101101010100010011011010001100
101010101001010100010000101111010110
101010100100110100001110000100110010
101010100000010100001011011010011111
101010011100010100001000110000011101
101010010111110100000110000110101101
101010010011010100000011011101001110
101010001111010100000000110100000000
101010001010110011111110001011000011
101010000110110011111011100010010111
101010000010010011111000111001111101
101001111110010011110110010001110100
101001111001110011110011101001111011
101001110101110011110001000010010100
101001110001010011101110011010111101
101001101101010011101011110011111000
101001101000110011101001001101000011
101001100100110011100110100110011111
101001100000110011100100000000001100
101001011100010011100001011010001001
101001011000010011011110110100011000
101001010100010011011100001110110111
101001001111110011011001101001100110
101001001011110011010111000100100110
101001000111110011010100011111110111
101001000011110011010001111011011000
101000111111010011001111010111001010
101000111011010011001100110011001100
101000110111010011001010001111011110
101000110011010011000111101100000001
101000101111010011000101001000110100
101000101011010011000010100101110111
101000100111010011000000000011001011
101000100011010010111101100000101111
101000011110110010111010111110100011
101000011010110010111000011100100111
101000010110110010110101111010111011
101000010010110010110011011001011111
101000001110110010110000111000010011
101000001010110010101110010111010111
101000000111010010101011110110101011
101000000011010010101001010110001111
100111111111010010100110110110000011
100111111011010010100100010110000111
100111110111010010100001110110011010
100111110011010010011111010110111110
100111101111010010011100110111110000
100111101011010010011010011000110011
100111100111110010010111111010000101
100111100011110010010101011011100111
100111011111110010010010111101011000
100111011011110010010000011111011001
100111011000010010001110000001101010
100111010100010010001011100100001010
100111010000010010001001000110111001
100111001100010010000110101001111000
100111001000110010000100001101000110
100111000100110010000001110000100011
100111000001010001111111010100010000
100110111101010001111100111000001100
100110111001010001111010011100010111
100110110101110001111000000000110001
100110110001110001110101100101011010
100110101110010001110011001010010011
100110101010010001110000101111011011
100110100110110001101110010100110001
100110100010110001101011111010010111
100110011111010001101001100000001011
100110011011010001100111000110001111
100110010111110001100100101100100010
100110010011110001100010010011000011
100110010000010001011111111001110011
100110001100110001011101100000110010
100110001000110001011011001000000000
100110000101010001011000101111011100
100110000001110001010110010111001000
100101111101110001010011111111000001
100101111010010001010001100111001010
100101110110110001001111001111100001
100101110010110001001100111000000111
100101101111010001001010100000111011
100101101011110001001000001001111110
100101101000010001000101110011001111
100101100100010001000011011100101111
100101100000110001000001000110011101
100101011101010000111110110000011001
100101011001110000111100011010100100
100101010110010000111010000100111101
100101010010110000110111101111100100
100101001111010000110101011010011010
100101001011010000110011000101011110
100101000111110000110000110000110000
100101000100010000101110011100010000
100101000000110000101100000111111110
100100111101010000101001110011111011
100100111001110000100111100000000101
100100110110010000100101001100011110
100100110010110000100010111001000100
100100101111010000100000100101111001
100100101011110000011110010010111011
100100101000010000011100000000001011
100100100101010000011001101101101001
100100100001110000010111011011010101
100100011110010000010101001001001111
100100011010110000010010110111010111
100100010111010000010000100101101100
100100010011110000001110010100001111
100100010000010000001100000011000000
100100001100110000001001110001111110
100100001001110000000111100001001010
100100000110010000000101010000100100
100100000010110000000011000000001011
100011111111010000000000110000000000
100011111100001111111110100000000010
100011111000101111111100010000010010
100011110101001111111010000000101111
100011110010001111110111110001011010
100011101110101111110101100010010010
100011101011001111110011010011010111
100011101000001111110001000100101010
100011100100101111101110110110001010
100011100001001111101100100111110111
100011011110001111101010011001110001
100011011010101111101000001011111001
100011010111001111100101111110001110
100011010100001111100011110000110000
100011010000101111100001100011011111
100011001101101111011111010110011100
100011001010001111011101001001100101
100011000111001111011010111100111100
100011000011101111011000110000011111
100011000000101111010110100100001111
100010111101001111010100011000001101
100010111010001111010010001100010111
100010110110101111010000000000101110
100010110011101111001101110101010011
100010110000101111001011101010000100
100010101101001111001001011111000001
100010101010001111000111010100001100
100010100110101111000101001001100011
100010100011101111000010111111000111
100010100000101111000000110100111000
100010011101001110111110101010110110
100010011010001110111100100001000000
100010010111001110111010010111010111
100010010100001110111000001101111010
100010010000101110110110000100101010
100010001101101110110011111011100110
100010001010101110110001110010101111
100010000111101110101111101010000101
100010000100001110101101100001100111
100010000001001110101011011001010101
100001111110001110101001010001010000
100001111011001110100111001001010111
100001111000001110100101000001101011
100001110100101110100010111010001011
100001110001101110100000110010110111
100001101110101110011110101011110000
100001101011101110011100100100110100
100001101000101110011010011110000101
100001100101101110011000010111100011
100001100010101110010110010001001100
100001011111101110010100001011000010
100001011100101110010010000101000011
100001011001101110001111111111010001
100001010110101110001101111001101011
100001010011101110001011110100010001
100001010000101110001001101111000011
100001001101101110000111101010000001
100001001010101110000101100101001011
100001000111101110000011100000100000
100001000100101110000001011100000010
100001000001101101111111010111110000
100000111110101101111101010011101001
100000111011101101111011001111101111
100000111000101101111001001100000000
100000110101101101110111001000011101
100000110010101101110101000101000110
100000101111101101110011000001111010
100000101101001101110000111110111011
100000101010001101101110111100000111
100000100111001101101100111001011110
100000100100001101101010110111000010
100000100001001101101000110100110000
100000011110001101100110110010101011
100000011011101101100100110000110001
100000011000101101100010101111000011
100000010101101101100000101101100000
100000010010101101011110101100001001
100000010000001101011100101010111101
100000001101001101011010101001111101
100000001010001101011000101001001000
100000000111101101010110101000011110
100000000100101101010100101000000000
100000000001101101010010100111101101
011111111111001101010000100111100110
011111111100001101001110100111101010
011111111001001101001100100111111001
011111110110101101001010101000010011
011111110011101101001000101000111001
011111110000101101000110101001101010
011111101110001101000100101010100110
011111101011001101000010101011101110
011111101000101101000000101101000000
011111100101101100111110101110011110
011111100011001100111100110000000110
011111100000001100111010110001111010
011111011101101100111000110011111001
011111011010101100110110110110000011
011111011000001100110100111000011000
011111010101001100110010111010111000
011111010010101100110000111101100011
011111001111101100101111000000011000
011111001101001100101101000011011001
011111001010001100101011000110100101
011111000111101100101001001001111011
011111000100101100100111001101011101
011111000010001100100101010001001001
011110111111101100100011010101000000
011110111100101100100001011001000010
011110111010001100011111011101001111
011110110111001100011101100001100110
011110110100101100011011100110001000
011110110010001100011001101010110101
011110101111001100010111101111101101
011110101100101100010101110100101111
011110101010001100010011111001111100
011110100111001100010001111111010011
011110100100101100010000000100110101
011110100010001100001110001010100010
011110011111101100001100010000011001
011110011100101100001010010110011011
011110011010001100001000011100100111
011110010111101100000110100010111110
011110010101001100000100101001011111
011110010010001100000010110000001010
011110001111101100000000110111000000
011110001101001011111110111110000001
011110001010101011111101000101001100
011110001000001011111011001100100001
011110000101101011111001010100000001
011110000010101011110111011011101010
011110000000001011110101100011011111
011101111101101011110011101011011101
011101111011001011110001110011100110
011101111000101011101111111011111001
011101110110001011101110000100010110
011101110011101011101100001100111101
011101110001001011101010010101101111
011101101110101011101000011110101011
011101101011101011100110100111110001
011101101001001011100100110001000001
011101100110101011100010111010011011
011101100100001011100001000011111111
011101100001101011011111001101101101
011101011111001011011101010111100110
011101011100101011011011100001101000
011101011010001011011001101011110100
011101010111101011010111110110001010
011101010101001011010110000000101011
011101010010101011010100001011010101
011101010000001011010010010110001001
011101001110001011010000100001000111
011101001011101011001110101100001111
011101001001001011001100110111100001
011101000110101011001011000010111100
011101000100001011001001001110100010
011101000001101011000111011010010001
011100111111001011000101100110001010
011100111100101011000011110010001101
011100111010001011000001111110011001
011100111000001011000000001010101111
011100110101101010111110010111001111
011100110011001010111100100011111001
011100110000101010111010110000101100
011100101110001010111000111101101001
011100101011101010110111001010110000
011100101001101010110101011000000000
011100100111001010110011100101011010
011100100100101010110001110010111101
011100100010001010110000000000101010
011100100000001010101110001110100001
011100011101101010101100011100100001
011100011011001010101010101010101010
011100011000101010101000111000111101
011100010110101010100111000111011001
011100010100001010100101010101111111
011100010001101010100011100100101111
011100001111001010100001110011100111
011100001101001010100000000010101001
011100001010101010011110010001110101
011100001000001010011100100001001010
011100000110001010011010110000101000
011100000011101010011001000000001111
011100000001001010010111010000000000
011011111111001010010101011111111010
011011111100101010010011101111111101
011011111010101010010010000000001010
011011111000001010010000010000100000
011011110101101010001110100000111111
011011110011101010001100110001100111
011011110001001010001011000010011000
011011101111001010001001010011010011
011011101100101010000111100100010110
011011101010101010000101110101100011
011011101000001010000100000110111001
011011100101101010000010011000011000
011011100011101010000000101010000000
011011100001001001111110111011110001
011011011111001001111101001101101011
011011011100101001111011011111101110
011011011010101001111001110001111011
011011011000001001111000000100010000
011011010110001001110110010110101110
011011010100001001110100101001010101
011011010001101001110010111100000101
011011001111101001110001001110111110
011011001101001001101111100001111111
011011001011001001101101110101001010
011011001000101001101100001000011101
011011000110101001101010011011111010
011011000100101001101000101111011111
011011000010001001100111000011001101
011011000000001001100101010111000100
011010111101101001100011101011000011
011010111011101001100001111111001100
011010111001101001100000010011011101
011010110111001001011110100111110110
011010110101001001011100111100011001
011010110011001001011011010001000100
011010110000101001011001100101111000
011010101110101001010111111010110100
011010101100101001010110001111111010
011010101010001001010100100101000111
011010101000001001010010111010011110
011010100110001001010001001111111101
011010100011101001001111100101100100
011010100001101001001101111011010101
011010011111101001001100010001001101
011010011101101001001010100111001111
011010011011001001001000111101011000
011010011001001001000111010011101011
011010010111001001000101101010000101
011010010101001001000100000000101001
011010010010101001000010010111010100
011010010000101001000000101110001000
011010001110101000111111000101000101
011010001100101000111101011100001010
011010001010101000111011110011010111
011010001000001000111010001010101101
011010000110001000111000100010001011
011010000100001000110110111001110001
011010000010001000110101010001100000
011010000000001000110011101001010111
011001111110001000110010000001010110
011001111100001000110000011001011110
011001111001101000101110110001101110
011001110111101000101101001010000110
011001110101101000101011100010100110
011001110011101000101001111011001111
011001110001101000101000010011111111
011001101111101000100110101100111000
011001101101101000100101000101111001
011001101011101000100011011111000011
011001101001101000100001111000010100
011001100111101000100000010001101110
011001100101101000011110101011001111
011001100011101000011101000100111001
011001100001101000011011011110101011
011001011111101000011001111000100101
011001011101101000011000010010100111
011001011011001000010110101100110001
011001011001001000010101000111000011
011001010111001000010011100001011101
011001010101101000010001111011111111
011001010011101000010000010110101001
011001010001101000001110110001011011
011001001111101000001101001100010101
011001001101101000001011100111010110
011001001011101000001010000010100000
011001001001101000001000011101110010
011001000111101000000110111001001011
011001000101101000000101010100101101
011001000011101000000011110000010110
011001000001101000000010001100000111
011000111111101000000000101000000000
011000111101100111111111000100000001
011000111011100111111101100000001010
011000111001100111111011111100011010
011000111000000111111010011000110010
011000110110000111111000110101010010
011000110100000111110111010001111010
011000110010000111110101101110101001
011000110000000111110100001011100000
011000101110000111110010101000011111
011000101100000111110001000101100101
011000101010100111101111100010110100
011000101000100111101110000000001001
011000100110100111101100011101100111
011000100100100111101010111011001100
011000100010100111101001011000111001
011000100001000111100111110110101101
011000011111000111100110010100101001
011000011101000111100100110010101101
011000011011000111100011010000111000
011000011001000111100001101111001010
011000010111100111100000001101100101
011000010101100111011110101100000110
011000010011100111011101001010110000
011000010001100111011011101001100000
011000010000000111011010001000011000
011000001110000111011000100111011000
011000001100000111010111000110011111
011000001010000111010101100101101110
011000001000100111010100000101000100
011000000110100111010010100100100001
011000000100100111010001000100000110
011000000011000111001111100011110010
011000000001000111001110000011100110
010111111111000111001100100011100001
010111111101100111001011000011100011
010111111011100111001001100011101101
010111111001100111001000000011111110
010111111000000111000110100100010110
010111110110000111000101000100110110
010111110100000111000011100101011101
010111110010100111000010000110001011
010111110000100111000000100111000000
010111101111000110111111000111111101
010111101101000110111101101001000001
010111101011000110111100001010001100
010111101001100110111010101011011110
010111100111100110111001001100111000
010111100110000110110111101110011000
010111100100000110110110010000000000
010111100010000110110100110001101111
010111100000100110110011010011100101
010111011110100110110001110101100011
010111011101000110110000010111100111
010111011011000110101110111001110011
010111011001100110101101011100000101
010111010111100110101011111110011111
010111010110000110101010100001000000
010111010100000110101001000011100111
010111010010100110100111100110010110
010111010000100110100110001001001100
010111001111000110100100101100001001
010111001101000110100011001111001101
010111001011100110100001110010011000
010111001001100110100000010101101010
010111001000000110011110111001000011
010111000110000110011101011100100010
010111000100100110011100000000001001
010111000010100110011010100011110111
010111000001000110011001000111101011
010110111111000110010111101011100111
010110111101100110010110001111101001
010110111011100110010100110011110011
010110111010000110010011011000000011
010110111000100110010001111100011010
010110110110100110010000100000111000
010110110101000110001111000101011100
010110110011000110001101101010001000
010110110001100110001100001110111010
010110110000000110001010110011110011
010110101110000110001001011000110011
010110101100100110000111111101111010
010110101010100110000110100011001000
010110101001000110000101001000011100
010110100111100110000011101101110111
010110100101100110000010010011011001
010110100100000110000000111001000001
010110100010100101111111011110110000
010110100000100101111110000100100110
010110011111000101111100101010100010
010110011101100101111011010000100110
010110011011100101111001110110101111
010110011010000101111000011101000000
010110011000100101110111000011010111
010110010110100101110101101001110101
010110010101000101110100010000011001
010110010011100101110010110111000100
010110010001100101110001011101110101
010110010000000101110000000100101110
010110001110100101101110101011101100
010110001101000101101101010010110010
010110001011000101101011111001111101
010110001001100101101010100001010000
010110001000000101101001001000101000
010110000110100101100111110000001000
010110000100100101100110010111101110
010110000011000101100100111111011010
010110000001100101100011100111001101
010110000000000101100010001111000110
010101111110000101100000110111000110
010101111100100101011111011111001100
010101111011000101011110000111011001
010101111001100101011100101111101100
010101111000000101011011011000000101
010101110110000101011010000000100101
010101110100100101011000101001001011
010101110011000101010111010001111000
010101110001100101010101111010101011
010101110000000101010100100011100100
010101101110000101010011001100100100
010101101100100101010001110101101010
010101101011000101010000011110110110
010101101001100101001111001000001001
010101101000000101001101110001100010
010101100110100101001100011011000001
010101100101000101001011000100100111
010101100011000101001001101110010010
010101100001100101001000011000000101
010101100000000101000111000001111101
010101011110100101000101101011111011
010101011101000101000100010110000000
010101011011100101000011000000001011
010101011010000101000001101010011100
010101011000100101000000010100110100
010101010111000100111110111111010001
010101010101100100111101101001110101
010101010011100100111100010100011111
010101010010000100111010111111001111
010101010000100100111001101010000101
010101001111000100111000010101000010
010101001101100100110111000000000100
010101001100000100110101101011001101
010101001010100100110100010110011100
010101001001000100110011000001110000
010101000111100100110001101101001011
010101000110000100110000011000101100
010101000100100100101111000100010011
010101000011000100101101110000000000
010101000001100100101100011011110011
010101000000000100101011000111101100
010100111110100100101001110011101100
010100111101000100101000011111110001
010100111011100100100111001011111100
010100111010000100100101111000001101
010100111000100100100100100100100100
010100110111000100100011010001000001
010100110101100100100001111101100100
010100110100000100100000101010001101
010100110010100100011111010110111100
010100110001000100011110000011110001
010100101111100100011100110000101100
010100101110000100011011011101101101
010100101100100100011010001010110011
010100101011000100011000111000000000
010100101001100100010111100101010010
010100101000000100010110010010101011
010100100111000100010101000000001001
010100100101100100010011101101101101
010100100100000100010010011011010111
010100100010100100010001001001000110
010100100001000100001111110110111100
010100011111100100001110100100110111
010100011110000100001101010010111000
010100011100100100001100000000111111
010100011011000100001010101111001100
010100011001100100001001011101011110
010100011000100100001000001011110110
010100010111000100000110111010010100
010100010101100100000101101000111000
010100010100000100000100010111100001
010100010010100100000011000110010001
010100010001000100000001110101000110
010100001111100100000000100100000000
010100001110000011111111010011000001
010100001101000011111110000010000111
010100001011100011111100110001010010
010100001010000011111011100000100100
010100001000100011111010001111111011
010100000111000011111000111111010111
010100000110000011110111101110111010
010100000100100011110110011110100010
010100000011000011110101001110001111
010100000001100011110011111110000010
010100000000000011110010101101111011
010011111111000011110001011101111010
010011111101100011110000001101111101
010011111100000011101110111110000111
010011111010100011101101101110010110
010011111001000011101100011110101011
010011111000000011101011001111000101
010011110110100011101001111111100101
010011110101000011101000110000001010
010011110011100011100111100000110101
010011110010100011100110010001100101
010011110001000011100101000010011011
010011101111100011100011110011010111
010011101110000011100010100100011000
010011101101000011100001010101011110
010011101011100011100000000110101010
010011101010000011011110110111111011
010011101000100011011101101001010010
010011100111100011011100011010101110
010011100110000011011011001100001111
010011100100100011011001111101110110
010011100011100011011000101111100011
010011100010000011010111100001010101
010011100000100011010110010011001100
010011011111000011010101000101001001
010011011110000011010011110111001011
010011011100100011010010101001010010
010011011011000011010001011011011111
010011011010000011010000001101110001
010011011000100011001111000000001000
010011010111000011001101110010100101
010011010110000011001100100101000111
010011010100100011001011010111101111
010011010011000011001010001010011100
010011010010000011001000111101001110
010011010000100011000111110000000101
010011001111100011000110100011000010
010011001110000011000101010110000100
010011001100100011000100001001001011
010011001011100011000010111100010111
010011001010000011000001101111101001
010011001000100011000000100011000000
010011000111100010111111010110011100
010011000110000010111110001001111110
010011000101000010111100111101100101
010011000011100010111011110001010000
010011000010000010111010100101000010
010011000001000010111001011000111000
010010111111100010111000001100110011
010010111110100010110111000000110100
010010111101000010110101110100111010
010010111011100010110100101001000101
010010111010100010110011011101010101
010010111001000010110010010001101010
010010111000000010110001000110000101
010010110110100010101111111010100100
010010110101100010101110101111001001
010010110100000010101101100011110011
010010110011000010101100011000100010
010010110001100010101011001101010110
010010110000000010101010000010001111
010010101111000010101000110111001101
010010101101100010100111101100010000
010010101100100010100110100001011000
010010101011000010100101010110100110
010010101010000010100100001011111000
010010101000100010100011000001010000
010010100111100010100001110110101100
010010100110000010100000101100001110
010010100101000010011111100001110100
010010100011100010011110010111100000
010010100010100010011101001101010000
010010100001000010011100000011000110
010010100000000010011010111001000000
010010011110100010011001101111000000
010010011101100010011000100101000100
010010011100000010010111011011001110
010010011011000010010110010001011100
010010011001100010010101000111101111
010010011000100010010011111110001000
010010010111000010010010110100100101
010010010110000010010001101011000111
010010010101000010010000100001101110
010010010011100010001111011000011010
010010010010100010001110001111001011
010010010001000010001101000110000000
010010010000000010001011111100111011
010010001110100010001010110011111011
010010001101100010001001101010111111
010010001100000010001000100010001000
010010001011000010000111011001010110
010010001010000010000110010000101001
010010001000100010000101001000000001
010010000111100010000011111111011110
010010000110000010000010110110111111
010010000101000010000001101110100101
010010000100000010000000100110010000
010010000010100001111111011110000000
010010000001100001111110010101110101
010010000000000001111101001101101110
010001111111000001111100000101101101
010001111110000001111010111101110000
010001111100100001111001110101110111
010001111011100001111000101110000100
010001111010000001110111100110010101
010001111001000001110110011110101011
010001111000000001110101010111000110
010001110110100001110100001111100101
010001110101100001110011001000001001
010001110100100001110010000000110010
010001110011000001110000111001100000
010001110010000001101111110010010010
010001110001000001101110101011001001
010001101111100001101101100100000101
010001101110100001101100011101000101
010001101101100001101011010110001010
010001101100000001101010001111010100
010001101011000001101001001000100010
010001101010000001101000000001110101
010001101000100001100110111011001101
010001100111100001100101110100101001
010001100110100001100100101110001010
010001100101000001100011100111110000
010001100100000001100010100001011010
010001100011000001100001011011001001
010001100010000001100000010100111100
010001100000100001011111001110110100
010001011111100001011110001000110000
010001011110100001011101000010110001
010001011101000001011011111100110111
010001011100000001011010110111000001
010001011011000001011001110001010000
010001011010000001011000101011100011
010001011000100001010111100101111011
010001010111100001010110100000011000
010001010110100001010101011010111001
010001010101100001010100010101011110
010001010100000001010011010000001000
010001010011000001010010001010110111
010001010010000001010001000101101001
010001010001000001010000000000100001
010001001111100001001110111011011101
010001001110100001001101110110011101
010001001101100001001100110001100010
010001001100100001001011101100101100
010001001011000001001010100111111010
010001001010000001001001100011001100
010001001001000001001000011110100011
010001001000000001000111011001111110
010001000110100001000110010101011101
010001000101100001000101010001000001
010001000100100001000100001100101010
010001000011100001000011001000010111
010001000010100001000010000100001000
010001000001000001000000111111111110
010001000000000000111111111011111000
010000111111000000111110110111110110
010000111110000000111101110011111001
010000111101000000111100110000000000
010000111100000000111011101100001100
010000111010100000111010101000011100
010000111001100000111001100100110000
010000111000100000111000100001001001
010000110111100000110111011101100110
010000110110100000110110011010000111
010000110101100000110101010110101101
010000110100000000110100010011010111
010000110011000000110011010000000101
010000110010000000110010001100110111
010000110001000000110001001001101110
010000110000000000110000000110101010
010000101111000000101111000011101001
010000101101100000101110000000101101
010000101100100000101100111101110101
010000101011100000101011111011000001
010000101010100000101010111000010010
010000101001100000101001110101100110
010000101000100000101000110010111111
010000100111100000100111110000011101
010000100110100000100110101101111110
010000100101000000100101101011100100
010000100100000000100100101001001110
010000100011000000100011100110111100
010000100010000000100010100100101111
010000100001000000100001100010100101
010000100000000000100000100000100000
010000011111000000011111011110011111
010000011110000000011110011100100010
010000011101000000011101011010101010
010000011100000000011100011000110101
010000011011000000011011010111000101
010000011001100000011010010101011001
010000011000100000011001010011110001
010000010111100000011000010010001101
010000010110100000010111010000101110
010000010101100000010110001111010010
010000010100100000010101001101111011
010000010011100000010100001100101000
010000010010100000010011001011011001
010000010001100000010010001010001101
010000010000100000010001001001000111
010000001111100000010000001000000100
010000001110100000001111000111000101
010000001101100000001110000110001010
010000001100100000001101000101010100
010000001011100000001100000100100001
010000001010100000001011000011110011
010000001001100000001010000011001001
010000001000100000001001000010100010
010000000111100000001000000010000000
010000000110100000000111000001100010
010000000101100000000110000001001000
010000000100100000000101000000110010
010000000011100000000100000000100000
010000000010100000000011000000010010
010000000001100000000010000000001000
010000000000100000000001000000000010