111111111100000000000000000000000000
111111110100000000000001111111111101
111111101100000000000011111111110001
111111100100000000000101111111011101
111111011100000000000111111111000001
111111010100100000001001111110011101
111111001100100000001011111101110001
111111000100100000001101111100111110
111110111101000000001111111100000010
111110110101000000010001111010111111
111110101101100000010011111001110100
111110100101100000010101111000100010
111110011110000000010111110111000111
111110010110000000011001110101100101
111110001110100000011011110011111011
111110000110100000011101110010001001
111101111111000000011111110000010000
111101110111100000100001101110001111
111101110000000000100011101100000111
111101101000100000100101101001110111
111101100001000000100111100111011111
111101011001000000101001100101000000
111101010001100000101011100010011001
111101001010000000101101011111101011
111101000011000000101111011100110101
111100111011100000110001011001111000
111100110100000000110011010110110011
111100101100100000110101010011100111
111100100101000000110111010000010011
111100011101100000111001001100111000
111100010110100000111011001001010110
111100001111000000111101000101101101
111100001000000000111111000001111100
111100000000100001000000111110000011
111011111001000001000010111010000100
111011110010000001000100110101111101
111011101010100001000110110001101111
111011100011100001001000101101011010
111011011100100001001010101000111101
111011010101000001001100100100011010
111011001110000001001110011111101111
111011000111000001010000011010111101
111011000000000001010010010110000100
111010111000100001010100010001000100
111010110001100001010110001011111100
111010101010100001011000000110101110
111010100011100001011010000001011001
111010011100100001011011111011111100
111010010101100001011101110110011001
111010001110100001011111110000101110
111010000111100001100001101010111101
111010000000100001100011100101000100
111001111010000001100101011111000101
111001110011000001100111011000111111
111001101100000001101001010010110010
111001100101000001101011001100011110
111001011110100001101101000110000011
111001010111100001101110111111100001
111001010000100001110000111000111001
111001001010000001110010110010001001
111001000011000001110100101011010011
111000111100100001110110100100010110
111000110101100001111000011101010010
111000101111000001111010010110001000
111000101000000001111100001110110111
111000100001100001111110000111011111
111000011011000010000000000000000000
111000010100000010000001111000011011
111000001101100010000011110000101111
111000000111000010000101101000111101
111000000000100010000111100001000100
110111111001100010001001011001000100
110111110011000010001011010000111110
110111101100100010001101001000110001
110111100110000010001111000000011101
110111011111100010010000111000000011
110111011001000010010010101111100011
110111010010100010010100100110111100
110111001100000010010110011110001111
110111000101100010011000010101011011
110110111111000010011010001100100000
110110111001000010011100000011011111
110110110010100010011101111010011000
110110101100000010011111110001001011
110110100101100010100001100111110111
110110011111100010100011011110011100
110110011001000010100101010100111011
110110010010100010100111001011010100
110110001100100010101001000001100111
110110000110000010101010110111110011
110101111111100010101100101101111001
110101111001100010101110100011111001
110101110011000010110000011001110010
110101101101000010110010001111100110
110101100111000010110100000101010011
110101100000100010110101111010111001
110101011010100010110111110000011010
110101010100000010111001100101110100
110101001110000010111011011011001001
110101001000000010111101010000010111
110101000010000010111111000101011111
110100111011100011000000111010100001
110100110101100011000010101111011100
110100101111100011000100100100010010
110100101001100011000110011001000001
110100100011100011001000001101101011
110100011101100011001010000010001110
110100010111100011001011110110101100
110100010001100011001101101011000011
110100001011100011001111011111010101
110100000101100011010001010011100000
110011111111100011010011000111100101
110011111001100011010100111011100101
110011110011100011010110101111011110
110011101101100011011000100011010010
110011101000000011011010010111000000
110011100010000011011100001010100111
110011011100000011011101111110001001
110011010110000011011111110001100101
110011010000100011100001100100111011
110011001010100011100011011000001100
110011000100100011100101001011010110
110010111111000011100110111110011011
110010111001000011101000110001011010
110010110011100011101010100100010011
110010101101100011101100010111000110
110010100111100011101110001001110011
110010100010000011101111111100011011
110010011100100011110001101110111101
110010010110100011110011100001011010
110010010001000011110101010011110000
110010001011000011110111000110000001
110010000101100011111000111000001100
110010000000000011111010101010010010
110001111010000011111100011100010010
110001110100100011111110001110001100
110001101111000100000000000000000000
110001101001100100000001110001101111
110001100100000100000011100011011001
110001011110000100000101010100111100
110001011000100100000111000110011011
110001010011000100001000110111110011
110001001101100100001010101001000110
110001001000000100001100011010010100
110001000010100100001110001011011100
110000111101000100001111111100011110
110000110111100100010001101101011011
110000110010000100010011011110010011
110000101100100100010101001111000101
110000100111000100010110111111110001
110000100001100100011000110000011000
110000011100000100011010100000111010
110000010111000100011100010001010110
110000010001100100011110000001101101
110000001100000100011111110001111111
110000000110100100100001100010001011
110000000001100100100011010010010001
101111111100000100100101000010010010
101111110110100100100110110010001110
101111110001000100101000100010000101
101111101100000100101010010001110110
101111100110100100101100000001100010
101111100001100100101101110001001001
101111011100000100101111100000101010
101111010110100100110001010000000110
101111010001100100110010111111011101
101111001100000100110100101110101110
101111000111000100110110011101111010
101111000010000100111000001101000001
101110111100100100111001111100000011
101110110111100100111011101011000000
101110110010000100111101011001110111
101110101101000100111111001000101001
101110101000000101000000110111010110
101110100010100101000010100101111110
101110011101100101000100010100100001
101110011000100101000110000010111110
101110010011000101000111110001010110
101110001110000101001001011111101010
101110001001000101001011001101111000
101110000100000101001100111100000001
101101111111000101001110101010000101
101101111010000101010000011000000100
101101110100100101010010000101111101
101101101111100101010011110011110010
101101101010100101010101100001100010
101101100101100101010111001111001100
101101100000100101011000111100110010
101101011011100101011010101010010011
101101010110100101011100010111101110
101101010001100101011110000101000101
101101001100100101011111110010010110
101101000111100101100001011111100011
101101000010100101100011001100101011
101100111110000101100100111001101110
101100111001000101100110100110101011
101100110100000101101000010011100100
101100101111000101101010000000011000
101100101010000101101011101101000111
101100100101000101101101011001110001
101100100000100101101111000110010111
101100011011100101110000110010110111
101100010110100101110010011111010010
101100010010000101110100001011101001
101100001101000101110101110111111011
101100001000000101110111100100001000
101100000011100101111001010000010000
101011111110100101111010111100010011
101011111001100101111100101000010010
101011110101000101111110010100001011
101011110000000110000000000000000000
101011101011100110000001101011110000
101011100110100110000011010111011100
101011100010000110000101000011000010
101011011101000110000110101110100100
101011011000100110001000011010000001
101011010011100110001010000101011010
101011001111000110001011110000101101
101011001010100110001101011011111100
101011000101100110001111000111000111
101011000001000110010000110010001100
101010111100000110010010011101001101
101010110111100110010100001000001001
101010110011000110010101110011000001
101010101110100110010111011101110100
101010101001100110011001001000100010
101010100101000110011010110011001100
101010100000100110011100011101110001
101010011100000110011110001000010001
101010010111000110011111110010101101
101010010010100110100001011101000100
101010001110000110100011000111010111
101010001001100110100100110001100101
101010000101000110100110011011101111
101010000000100110101000000101110011
101001111100000110101001101111110100
101001110111100110101011011001110000
101001110011000110101101000011100111
101001101110100110101110101101011010
101001101010000110110000010111001000
101001100101100110110010000000110010
101001100001000110110011101010010111
101001011100100110110101010011111000
101001011000000110110110111101010100
101001010011100110111000100110101100
101001001111000110111010001111111111
101001001010100110111011111001001110
101001000110000110111101100010011001
101001000001100110111111001011011111
101000111101000111000000110100100001
101000111001000111000010011101011110
101000110100100111000100000110010111
101000110000000111000101101111001011
101000101011100111000111010111111011
101000100111100111001001000000100111
101000100011000111001010101001001110
101000011110100111001100010001110001
101000011010000111001101111010001111
101000010110000111001111100010101010
101000010001100111010001001011000000
101000001101000111010010110011010001
101000001001000111010100011011011110
101000000100100111010110000011100111
101000000000100111010111101011101100
100111111100000111011001010011101100
100111111000000111011010111011101000
100111110011100111011100100011100000
100111101111000111011110001011010011
100111101011000111011111110011000011
100111100110100111100001011010101110
100111100010100111100011000010010100
100111011110000111100100101001110111
100111011010000111100110010001010101
100111010110000111100111111000101111
100111010001100111101001100000000101
100111001101100111101011000111010111
100111001001000111101100101110100100
100111000101000111101110010101101101
100111000001000111101111111100110010
100110111100100111110001100011110011
100110111000100111110011001010110000
100110110100100111110100110001101000
100110110000000111110110011000011101
100110101100000111110111111111001101
100110101000000111111001100101111001
100110100100000111111011001100100001
100110100000000111111100110011000101
100110011011100111111110011001100101
100110010111101000000000000000000000
100110010011101000000001100110011000
100110001111101000000011001100101011
100110001011101000000100110010111011
100110000111001000000110011001000110
100110000011001000000111111111001101
100101111111001000001001100101010000
100101111011001000001011001011010000
100101110111001000001100110001001011
100101110011001000001110010111000010
100101101111001000001111111100110101
100101101011001000010001100010100100
100101100111001000010011001000001111
100101100011001000010100101101110110
100101011111001000010110010011011001
100101011011001000010111111000111000
100101010111001000011001011110010011
100101010011001000011011000011101010
100101001111001000011100101000111101
100101001011001000011110001110001100
100101000111001000011111110011010111
100101000011101000100001011000011110
100100111111101000100010111101100010
100100111011101000100100100010100001
100100110111101000100110000111011100
100100110011101000100111101100010100
100100101111101000101001010001000111
100100101100001000101010110101110111
100100101000001000101100011010100011
100100100100001000101101111111001011
100100100000001000101111100011101111
100100011100101000110001001000001111
100100011000101000110010101100101011
100100010100101000110100010001000100
100100010000101000110101110101011000
100100001101001000110111011001101001
100100001001001000111000111101110110
100100000101001000111010100001111111
100100000001101000111100000110000100
100011111101101000111101101010000101
100011111010001000111111001110000011
100011110110001001000000110001111101
100011110010001001000010010101110011
100011101110101001000011111001100101
100011101010101001000101011101010011
100011100111001001000111000000111110
100011100011001001001000100100100101
100011011111101001001010001000001000
100011011011101001001011101011100111
100011011000001001001101001111000010
100011010100001001001110110010011010
100011010000101001010000010101101110
100011001100101001010001111000111111
100011001001001001010011011100001011
100011000101001001010100111111010100
100011000001101001010110100010011001
100010111110001001011000000101011011
100010111010001001011001101000011000
100010110110101001011011001011010011
100010110010101001011100101110001001
100010101111001001011110010000111100
100010101011101001011111110011101011
100010100111101001100001010110010110
100010100100001001100010111000111110
100010100000101001100100011011100010
100010011100101001100101111110000010
100010011001001001100111100000011111
100010010101101001101001000010111000
100010010010001001101010100101001101
100010001110001001101100000111011111
100010001010101001101101101001101101
100010000111001001101111001011111000
100010000011101001110000101101111111
100010000000001001110010010000000010
100001111100001001110011110010000010
100001111000101001110101010011111111
100001110101001001110110110101110111
100001110001101001111000010111101100
100001101110001001111001111001011110
100001101010101001111011011011001100
100001100111001001111100111100110110
100001100011101001111110011110011101
100001100000001010000000000000000000
100001011100001010000001100001100000
100001011000101010000011000010111100
100001010101001010000100100100010101
100001010001101010000110000101101010
100001001110001010000111100110111100
100001001010101010001001001000001010
100001000111001010001010101001010101
100001000011101010001100001010011100
100001000000001010001101101011011111
100000111100101010001111001100100000
100000111001001010010000101101011100
100000110110001010010010001110010101
100000110010101010010011101111001011
100000101111001010010101001111111110
100000101011101010010110110000101100
100000101000001010011000010001011000
100000100100101010011001110010000000
100000100001001010011011010010100100
100000011101101010011100110011000101
100000011010001010011110010011100011
100000010111001010011111110011111101
100000010011101010100001010100010100
100000010000001010100010110100100111
100000001100101010100100010100110111
100000001001001010100101110101000100
100000000110001010100111010101001101
100000000010101010101000110101010011
011111111111001010101010010101010101
011111111011101010101011110101010101
011111111000101010101101010101010000
011111110101001010101110110101001001
011111110001101010110000010100111110
011111101110101010110001110100101111
011111101011001010110011010100011101
011111100111101010110100110100001000
011111100100101010110110010011110000
011111100001001010110111110011010100
011111011101101010111001010010110101
011111011010101010111010110010010011
011111010111001010111100010001101101
011111010011101010111101110001000100
011111010000101010111111010000011000
011111001101001011000000101111101000
011111001010001011000010001110110101
011111000110101011000011101101111111
011111000011001011000101001101000101
011111000000001011000110101100001001
011110111100101011001000001011001001
011110111001101011001001101010000101
011110110110001011001011001000111111
011110110011001011001100100111110101
011110101111101011001110000110101000
011110101100101011001111100101010111
011110101001001011010001000100000100
011110100110001011010010100010101101
011110100010101011010100000001010011
011110011111101011010101011111110110
011110011100101011010110111110010101
011110011001001011011000011100110001
011110010110001011011001111011001011
011110010010101011011011011001100000
011110001111101011011100110111110011
011110001100101011011110010110000011
011110001001001011011111110100001111
011110000110001011100001010010011000
011110000010101011100010110000011110
011101111111101011100100001110100001
011101111100101011100101101100100000
011101111001101011100111001010011101
011101110110001011101000101000010110
011101110011001011101010000110001100
011101110000001011101011100011111111
011101101100101011101101000001101111
011101101001101011101110011111011011
011101100110101011101111111101000101
011101100011101011110001011010101011
011101100000001011110010111000001111
011101011101001011110100010101101111
011101011010001011110101110011001100
011101010111001011110111010000100110
011101010011101011111000101101111101
011101010000101011111010001011010000
011101001101101011111011101000100001
011101001010101011111101000101101110
011101000111101011111110100010111001
011101000100101100000000000000000000
011101000001001100000001011101000100
011100111110001100000010111010000110
011100111011001100000100010111000100
011100111000001100000101110011111111
011100110101001100000111010000110111
011100110010001100001000101101101100
011100101111001100001010001010011110
011100101100001100001011100111001101
011100101001001100001101000011111000
011100100110001100001110100000100001
011100100010101100001111111101000111
011100011111101100010001011001101010
011100011100101100010010110110001010
011100011001101100010100010010100110
011100010110101100010101101111000000
011100010011101100010111001011010111
011100010000101100011000100111101010
011100001101101100011010000011111011
011100001010101100011011100000001001
011100000111101100011100111100010011
011100000100101100011110011000011011
011100000010001100011111110100100000
011011111111001100100001010000100010
011011111100001100100010101100100000
011011111001001100100100001000011100
011011110110001100100101100100010101
011011110011001100100111000000001011
011011110000001100101000011011111110
011011101101001100101001110111101110
011011101010001100101011010011011011
011011100111001100101100101111000101
011011100100101100101110001010101100
011011100001101100101111100110010001
011011011110101100110001000001110010
011011011011101100110010011101010000
011011011000101100110011111000101100
011011010101101100110101010100000100
011011010011001100110110101111011010
011011010000001100111000001010101101
011011001101001100111001100101111101
011011001010001100111011000001001010
011011000111001100111100011100010100
011011000100101100111101110111011011
011011000001101100111111010010011111
011010111110101101000000101101100001
011010111011101101000010001000011111
011010111001001101000011100011011011
011010110110001101000100111110010100
011010110011001101000110011001001010
011010110000001101000111110011111101
011010101101101101001001001110101101
011010101010101101001010101001011010
011010100111101101001100000100000101
011010100101001101001101011110101100
011010100010001101001110111001010001
011010011110001101010000010011110100
011010011000001101010011001000101111
011010010010101101010101111101100000
011010001101001101011000110010000101
011010000111101101011011100110011111
011010000010001101011110011010101101
011001111100001101100001001110110001
011001110110101101100100000010101001
011001110001001101100110110110010111
011001101011101101101001101001111001
011001100110001101101100011101010000
011001100000101101101111010000011100
011001011011001101110010000011011110
011001010101101101110100110110010100
011001010000101101110111101000111111
011001001011001101111010011011100000
011001000101101101111101001101110110
011001000000001110000000000000000001
011000111010101110000010110010000001
011000110101101110000101100011110110
011000110000001110001000010101100001
011000101010101110001011000111000001
011000100101101110001101111000010110
011000100000001110010000101001100001
011000011011001110010011011010100001
011000010101101110010110001011010111
011000010000101110011000111100000010
011000001011001110011011101100100011
011000000110001110011110011100111001
011000000000101110100001001101000100
010111111011101110100011111101000110
010111110110101110100110101100111101
010111110001001110101001011100101001
010111101100001110101100001100001011
010111100111001110101110111011100011
010111100001101110110001101010110001
010111011100101110110100011001110100
010111010111101110110111001000101101
010111010010101110111001110111011100
010111001101101110111100100110000001
010111001000101110111111010100011100
010111000011001111000010000010101100
010110111110001111000100110000110011
010110111001001111000111011110101111
010110110100001111001010001100100001
010110101111001111001100111010001010
010110101010001111001111100111101000
010110100101101111010010010100111101
010110100000101111010101000010000111
010110011011101111010111101111001000
010110010110101111011010011011111111
010110010001101111011101001000101100
010110001100101111011111110101001111
010110001000001111100010100001101000
010110000011001111100101001101111000
010101111110001111100111111001111110
010101111001001111101010100101111010
010101110100101111101101010001101100
010101101111101111101111111101010101
010101101011001111110010101000110100
010101100110001111110101010100001010
010101100001001111110111111111010110
010101011100101111111010101010011000
010101010111101111111101010101010001
010101010011010000000000000000000001
010101001110010000000010101010100111
010101001001110000000101010101000011
010101000101010000000111111111010110
010101000000010000001010101001100000
010100111011110000001101010011100000
010100110111010000001111111101010111
010100110010010000010010100111000100
010100101101110000010101010000101001
010100101001010000010111111010000100
010100100100010000011010100011010101
010100011111110000011101001100011110
010100011011010000011111110101011101
010100010110110000100010011110010011
010100010010010000100101000111000000
010100001101110000100111101111100100
010100001001010000101010010111111110
010100000100010000101101000000010000
010011111111110000101111101000011000
010011111011010000110010010000010111
010011110110110000110100111000001110
010011110010010000110111011111111011
010011101101110000111010000111100000
010011101001010000111100101110111011
010011100101010000111111010110001101
010011100000110001000001111101010111
010011011100010001000100100100010111
010011010111110001000111001011001111
010011010011010001001001110001111110
010011001110110001001100011000100100
010011001010010001001110111111000010
010011000110010001010001100101010110
010011000001110001010100001011100010
010010111101010001010110110001100101
010010111001010001011001010111011111
010010110100110001011011111101010000
010010110000010001011110100010111001
010010101100010001100001001000011010
010010100111110001100011101101110001
010010100011010001100110010011000000
010010011111010001101000111000000110
010010011010110001101011011101000100
010010010110110001101110000001111010
010010010010010001110000100110100110
010010001110010001110011001011001010
010010001001110001110101101111100110
010010000101110001111000010011111001
010010000001010001111010111000000100
010001111101010001111101011100000111
010001111001010010000000000000000001
010001110100110010000010100011110010
010001110000110010000101000111011011
010001101100110010000111101010111100
010001101000010010001010001110010101
010001100100010010001100110001100101
010001100000010010001111010100101101
010001011011110010010001110111101100
010001010111110010010100011010100100
010001010011110010010110111101010011
010001001111110010011001011111111010
010001001011110010011100000010011001
010001000111010010011110100100101111
010001000011010010100001000110111110
010000111111010010100011101001000100
010000111011010010100110001011000010
010000110111010010101000101100111000
010000110011010010101011001110100110
010000101111010010101101110000001100
010000101011010010110000010001101010
010000100111010010110010110011000000
010000100011010010110101010100001110
010000011111010010110111110101010100
010000011011010010111010010110010010
010000010111010010111100110111001000
010000010011010010111111010111110110
010000001111010011000001111000011100
010000001011010011000100011000111011
010000000111110011000110111001010001
010000000011110011001001011001100000
001111111111110011001011111001100110
001111111011110011001110011001100101
001111110111110011010000111001011100
001111110100010011010011011001001100
001111110000010011010101111000110011
001111101100010011011000011000010011
001111101000010011011010110111101011
001111100100110011011101010110111100
001111100000110011011111110110000100
001111011100110011100010010101000101
001111011001010011100100110011111111
001111010101010011100111010010110000
001111010001010011101001110001011010
001111001101110011101100001111111101
001111001001110011101110101110011000
001111000110010011110001001100101011
001111000010010011110011101010110111
001110111110110011110110001000111011
001110111010110011111000100110110111
001110110111010011111011000100101101
001110110011010011111101100010011010
001110101111110100000000000000000000
001110101011110100000010011101011111
001110101000010100000100111010110110
001110100100010100000111011000000110
001110100000110100001001110101001111
001110011101010100001100010010010000
001110011001010100001110101111001010
001110010101110100010001001011111100
001110010010010100010011101000100111
001110001110010100010110000101001011
001110001010110100011000100001100111
001110000111010100011010111101111100
001110000011110100011101011010001010
001101111111110100011111110110010000
001101111100010100100010010010010000
001101111000110100100100101110001000
001101110101010100100111001001111000
001101110001010100101001100101100010
001101101101110100101100000001000100
001101101010010100101110011100100000
001101100110110100110000110111110100
001101100011010100110011010011000001
001101011111110100110101101110000111
001101011100010100111000001001000101
001101011000110100111010100011111101
001101010101010100111100111110101110
001101010001010100111111011001010111
001101001101110101000001110011111010
001101001010010101000100001110010101
001101000110110101000110101000101001
001101000011010101001001000010110111
001100111111110101001011011100111101
001100111100010101001101110110111101
001100111001010101010000010000110101
001100110101110101010010101010100111
001100110010010101010101000100010001
001100101110110101010111011101110101
001100101011010101011001110111010010
001100100111110101011100010000101000
001100100100010101011110101001110111
001100100000110101100001000010111111
001100011101110101100011011100000001
001100011010010101100101110100111011
001100010110110101101000001101101111
001100010011010101101010100110011100
001100001111110101101100111111000010
001100001100110101101111010111100001
001100001001010101110001101111111010
001100000101110101110100001000001100
001100000010010101110110100000010111
001011111111010101111000111000011011
001011111011110101111011010000011001
001011111000010101111101101000010000
001011110101010110000000000000000000
001011110001110110000010010111101010
001011101110010110000100101111001101
001011101011010110000111000110101010
001011100111110110001001011101111111
001011100100110110001011110101001111
001011100001010110001110001100010111
001011011101110110010000100011011001
001011011010110110010010111010010101
001011010111010110010101010001001010
001011010100010110010111100111111000
001011010000110110011001111110100000
001011001101110110011100010101000001
001011001010010110011110101011011100
001011000111010110100001000001110001
001011000011110110100011010111111110
001011000000110110100101101110000110
001010111101110110101000000100000111
001010111010010110101010011010000001
001010110111010110101100101111110110
001010110011110110101111000101100011
001010110000110110110001011011001011
001010101101110110110011110000101100
001010101010010110110110000110000110
001010100111010110111000011011011010
001010100100010110111010110000101000
001010100000110110111101000101110000
001010011101110110111111011010110001
001010011010110111000001101111101100
001010010111010111000100000100100001
001010010100010111000110011001001111
001010010001010111001000101101110111
001010001110010111001011000010011001
001010001010110111001101010110110101
001010000111110111001111101011001010
001010000100110111010001111111011001
001010000001110111010100010011100010
001001111110110111010110100111100101
001001111011010111011000111011100001
001001111000010111011011001111011000
001001110101010111011101100011001000
001001110010010111011111110110110010
001001101111010111100010001010010110
001001101100010111100100011101110100
001001101001010111100110110001001011
001001100110010111101001000100011101
001001100010110111101011010111101001
001001011111110111101101101010101110
001001011100110111101111111101101101
001001011001110111110010010000100111
001001010110110111110100100011011010
001001010011110111110110110110000111
001001010000110111111001001000101111
001001001101110111111011011011010000
001001001010110111111101101101101011
001001000111111000000000000000000000
001001000100111000000010010010010000
001001000001111000000100100100011001
001000111110111000000110110110011100
001000111100011000001001001000011010
001000111001011000001011011010010001
001000110110011000001101101100000011
001000110011011000001111111101101111
001000110000011000010010001111010101
001000101101011000010100100000110100
001000101010011000010110110010001111
001000100111011000011001000011100011
001000100100111000011011010100110001
001000100001111000011101100101111010
001000011110111000011111110110111100
001000011011111000100010000111111001
001000011000111000100100011000110000
001000010110011000100110101001100010
001000010011011000101000111010001101
001000010000011000101011001010110011
001000001101011000101101011011010011
001000001010011000101111101011101101
001000000111111000110001111100000010
001000000100111000110100001100010000
001000000001111000110110011100011001
000111111111011000111000101100011101
000111111100011000111010111100011010
000111111001011000111101001100010010
000111110110111000111111011100000101
000111110011111001000001101011110001
000111110000111001000011111011011000
000111101110011001000110001010111010
000111101011011001001000011010010101
000111101000011001001010101001101011
000111100101111001001100111000111100
000111100010111001001111001000000111
000111100000011001010001010111001100
000111011101011001010011100110001100
000111011010111001010101110101000110
000111010111111001011000000011111010
000111010100111001011010010010101001
000111010010011001011100100001010011
000111001111011001011110101111110111
000111001100111001100000111110010101
000111001001111001100011001100101110
000111000111011001100101011011000001
000111000100011001100111101001001111
000111000001111001101001110111011000
000110111110111001101100000101011010
000110111100011001101110010011011000
000110111001111001110000100001010000
000110110110111001110010101111000011
000110110100011001110100111100110000
000110110001011001110111001010010111
000110101110111001111001010111111010
000110101100011001111011100101010111
000110101001011001111101110010101110
000110100110111010000000000000000000
000110100011111010000010001101001101
000110100001011010000100011010010100
000110011110111010000110100111010111
000110011011111010001000110100010011
000110011001011010001011000001001011
000110010110111010001101001101111101
000110010011111010001111011010101001
000110010001011010010001100111010001
000110001110111010010011110011110011
000110001100011010010110000000010000
000110001001011010011000001100100111
000110000110111010011010011000111001
000110000100011010011100100101000111
000110000001111010011110110001001110
000101111110111010100000111101010001
000101111100011010100011001001001110
000101111001111010100101010101000110
000101110111011010100111100000111001
000101110100011010101001101100100111
000101110001111010101011111000001111
000101101111011010101110000011110010
000101101100111010110000001111010000
000101101010011010110010011010101001
000101100111111010110100100101111101
000101100100111010110110110001001100
000101100010011010111000111100010101
000101011111111010111011000111011001
000101011101011010111101010010011001
000101011010111010111111011101010011
000101011000011011000001101000001000
000101010101111011000011110010110111
000101010011011011000101111101100010
000101010000111011001000001000001000
000101001110011011001010010010101001
000101001011011011001100011101000100
000101001000111011001110100111011011
000101000110011011010000110001101100
000101000011111011010010111011111000
000101000001011011010101000110000000
000100111110111011010111010000000010
000100111100011011011001011010000000
000100111001111011011011100011111000
000100110111011011011101101101101011
000100110100111011011111110111011010
000100110010011011100010000001000011
000100101111111011100100001010100111
000100101101111011100110010100000111
000100101011011011101000011101100001
000100101000111011101010100110110111
000100100110011011101100110000001000
000100100011111011101110111001010011
000100100001011011110001000010011010
000100011110111011110011001011011100
000100011100011011110101010100011001
000100011001111011110111011101010001
000100010111011011111001100110000100
000100010100111011111011101110110010
000100010010111011111101110111011100
000100010000011100000000000000000000
000100001101111100000010001000100000
000100001011011100000100010000111011
000100001000111100000110011001010001
000100000110011100001000100001100010
000100000100011100001010101001101110
000100000001111100001100110001110110
000011111111011100001110111001111001
000011111100111100010001000001110111
000011111010011100010011001001110000
000011111000011100010101010001100100
000011110101111100010111011001010100
000011110011011100011001100000111111
000011110000111100011011101000100101
000011101110111100011101110000000110
000011101100011100011111110111100011
000011101001111100100001111110111011
000011100111011100100100000110001110
000011100101011100100110001101011100
000011100010111100101000010100100110
000011100000011100101010011011101011
000011011110011100101100100010101011
000011011011111100101110101001100111
000011011001011100110000110000011101
000011010111011100110010110111010000
000011010100111100110100111101111101
000011010010011100110111000100100110
000011010000011100111001001011001010
000011001101111100111011010001101010
000011001011011100111101011000000101
000011001001011100111111011110011011
000011000110111101000001100100101101
000011000100111101000011101010111010
000011000010011101000101110001000011
000010111111111101000111110111000111
000010111101111101001001111101000110
000010111011011101001100000011000001
000010111001011101001110001000110111
000010110110111101010000001110101000
000010110100011101010010010100010110
000010110010011101010100011001111110
000010101111111101010110011111100010
000010101101111101011000100101000001
000010101011011101011010101010011100
000010101001011101011100101111110010
000010100110111101011110110101000100
000010100100111101100000111010010010
000010100010011101100010111111011010
000010100000011101100101000100011111
000010011101111101100111001001011110
000010011011111101101001001110011010
000010011001011101101011010011010001
000010010111011101101101011000000011
000010010100111101101111011100110001
000010010010111101110001100001011010
000010010000111101110011100101111111
000010001110011101110101101010100000
000010001100011101110111101110111100
000010001001111101111001110011010100
000010000111111101111011110111100111
000010000101011101111101111011110110
000010000011011110000000000000000000
000010000001011110000010000100000110
000001111110111110000100001000001000
000001111100111110000110001100000101
000001111010111110001000001111111110
000001111000011110001010010011110011
000001110110011110001100010111100011
000001110011111110001110011011001111
000001110001111110010000011110110110
000001101111111110010010100010011001
000001101101011110010100100101111000
000001101011011110010110101001010010
000001101001011110011000101100101001
000001100110111110011010101111111010
000001100100111110011100110011001000
000001100010111110011110110110010001
000001100000111110100000111001010110
000001011110011110100010111100010110
000001011100011110100100111111010011
000001011010011110100111000010001011
000001010111111110101001000100111111
000001010101111110101011000111101110
000001010011111110101101001010011001
000001010001111110101111001101000000
000001001111011110110001001111100011
000001001101011110110011010010000001
000001001011011110110101010100011100
000001001001011110110111010110110010
000001000111011110111001011001000011
000001000100111110111011011011010001
000001000010111110111101011101011010
000001000000111110111111011111100000
000000111110111111000001100001100001
000000111100111111000011100011011101
000000111010011111000101100101010110
000000111000011111000111100111001010
000000110110011111001001101000111011
000000110100011111001011101010100111
000000110010011111001101101100001111
000000110000011111001111101101110011
000000101110011111010001101111010010
000000101011111111010011110000101110
000000101001111111010101110010000101
000000100111111111010111110011011000
000000100101111111011001110100100111
000000100011111111011011110101110010
000000100001111111011101110110111001
000000011111111111011111110111111100
000000011101111111100001111000111011
000000011011111111100011111001110110
000000011001011111100101111010101100
000000010111011111100111111011011111
000000010101011111101001111100001101
000000010011011111101011111100110111
000000010001011111101101111101011110
000000001111011111101111111110000000
000000001101011111110001111110011110
000000001011011111110011111110111000
000000001001011111110101111111001110
000000000111011111110111111111100000
000000000101011111111001111111101110
000000000011011111111011111111111000
000000000001011111111101111111111110